0.545458
0.541996
0.539613
0.537233
0.534857
0.532484
0.530115
0.527750
0.525391
0.523037
0.520688
0.518346
0.516011
0.513683
0.511362
0.509049
0.506744
0.504447
0.502160
0.499881
0.497613
0.495354
0.493105
0.490867
0.488639
0.486423
0.484217
0.482023
0.479841
0.477671
0.475513
0.473368
0.471235
0.469115
0.467008
0.464914
0.462833
0.460766
0.458713
0.456673
0.454646
0.452634
0.450636
0.448652
0.446682
0.444726
0.442785
0.440858
0.438946
0.437048
0.435164
0.433295
0.431440
0.429601
0.427775
0.425965
0.424168
0.422387
0.420620
0.418867
0.417129
0.415406
0.413697
0.412002
0.410322
0.408656
0.407004
0.405367
0.403743
0.402134
0.400539
0.398957
0.397390
0.395837
0.394297
0.392771
0.391258
0.389759
0.388274
0.386802
0.385343
0.383897
0.382464
0.381045
0.379638
0.378244
0.376863
0.375494
0.374138
0.372794
0.371463
0.370144
0.368837
0.367542
0.366259
0.364988
0.363729
0.362481
0.361245
0.360020
0.358807
0.357605
0.356414
0.355234
0.354065
0.352907
0.351759
0.350622
0.349496
0.348380
0.347275
0.346179
0.345094
0.344019
0.342954
0.341899
0.340853
0.339817
0.338791
0.337774
0.336767
0.335769
0.334780
0.333800
0.332829
0.331867
0.330914
0.329969
0.329034
0.328107
0.327188
0.326277
0.325375
0.324481
0.323596
0.322718
0.321848
0.320986
0.320132
0.319286
0.318447
0.317616
0.316792
0.315976
0.315167
0.314365
0.313571
0.312783
0.312003
0.311229
0.310462
0.309702
0.308949
0.308203
0.307463
0.306729
0.306002
0.305281
0.304567
0.303859
0.303157
0.302461
0.301771
0.301087
0.300409
0.299737
0.299071
0.298410
0.297755
0.297106
0.296462
0.295824
0.295191
0.294564
0.293942
0.293325
0.292713
0.292106
0.291505
0.290908
0.290317
0.289730
0.289149
0.288572
0.288000
0.287433
0.286870
0.286312
0.285759
0.285210
0.284665
0.284125
0.283590
0.283059
0.282532
0.282009
0.281491
0.280977
0.280466
0.279960
0.279458
0.278960
0.278466
0.277976
0.277490
0.277008
0.276529
0.276054
0.275583
0.275116
0.274652
0.274192
0.273735
0.273282
0.272832
0.272386
0.271943
0.271504
0.271068
0.270636
0.270206
0.269780
0.269358
0.268938
0.268521
0.268108
0.267698
0.267291
0.266887
0.266486
0.266088
0.265692
0.265300
0.264911
0.264524
0.264141
0.263760
0.263382
0.263006
0.262634
0.262264
0.261897
0.261532
0.261170
0.260811
0.260454
0.260100
0.259749
0.259399
0.259053
0.258708
0.258367
0.258027
0.257690
0.257356
0.257023
0.256693
0.256366
0.256040
0.255717
0.255396
0.255077
0.254761
0.254446
0.254134
0.253824
0.253516
0.253210
0.252906
0.252605
0.252305
0.252007
0.251712
0.251418
0.251126
0.250836
0.250548
0.250262
0.249978
